2 1273 1
3 1274 1
6 1275 1
5 1275 1
6 1276 2
5 1276 1
3 1277 2
5 1277 2
5 1278 2
5 1279 2
5 1280 2
5 1281 2
5 1282 3
5 1283 3
5 1284 3
5 1285 3
5 1286 3
5 1287 3
5 1288 3
5 1289 4
5 1290 4
5 1291 4
5 1292 4
5 1293 4
5 1294 4
5 1295 4
5 1296 4
5 1297 4
2 1304 1
5 1304 4
8 1305 1
7 1305 1
2 1306 2
7 1306 1
8 1307 2
7 1307 2
8 1308 2
5 1308 4
5 1309 4
7 1309 2
5 1310 4
8 1311 2
7 1311 2
8 1312 2
5 1312 4
5 1313 4
7 1313 2
8 1314 2
7 1314 2
5 1315 4
7 1315 2
7 1316 2
8 1317 2
5 1317 4
5 1318 4
7 1318 3
8 1319 2
7 1319 3
8 1320 2
5 1320 4
5 1321 4
7 1321 3
8 1322 2
7 1322 3
8 1323 2
5 1323 4
5 1324 4
7 1324 3
8 1325 2
7 1325 3
8 1326 2
5 1326 4
8 1327 2
5 1328 4
7 1328 3
8 1329 3
7 1329 3
8 1330 3
5 1330 4
8 1331 3
7 1331 3
5 1332 4
7 1332 3
8 1333 3
5 1333 4
5 1334 4
7 1334 3
8 1335 3
7 1335 3
5 1336 4
7 1336 3
7 1337 3
8 1338 3
7 1338 3
8 1339 3
5 1339 4
5 1340 4
7 1340 3
8 1341 3
7 1341 3
8 1342 3
5 1342 4
5 1343 4
7 1343 3
8 1344 3
7 1344 3
8 1345 3
5 1345 4
5 1346 4
7 1346 3
8 1347 3
7 1347 3
5 1348 4
7 1348 3
8 1349 3
7 1349 3
8 1350 3
5 1350 4
8 1351 3
8 1352 3
7 1352 3
5 1353 4
7 1353 3
8 1354 3
5 1354 4
8 1355 3
7 1355 3
5 1356 4
7 1356 3
8 1357 3
5 1357 4
8 1358 3
7 1358 3
8 1359 3
5 1359 4
8 1360 3
7 1360 3
8 1361 3
5 1361 4
8 1362 3
7 1362 3
5 1363 4
7 1363 3
7 1364 3
8 1365 3
7 1365 3
8 1366 3
5 1366 4
8 1367 3
5 1368 4
7 1368 3
8 1369 3
7 1369 3
8 1370 3
5 1370 4
5 1371 4
7 1371 3
5 1372 4
8 1373 3
7 1373 3
5 1374 4
7 1374 3
8 1375 3
7 1375 3
8 1376 3
5 1376 4
5 1377 4
7 1377 3
8 1378 3
7 1378 3
8 1379 3
5 1379 4
5 1380 4
7 1380 3
8 1381 3
7 1381 3
5 1382 4
7 1382 3
8 1383 3
7 1383 3
8 1384 3
5 1384 4
8 1385 3
8 1386 3
7 1386 3
5 1387 4
7 1387 3
7 1388 3
8 1389 3
7 1389 3
8 1390 3
5 1390 4
8 1391 3
5 1392 4
7 1392 3
8 1393 3
7 1393 3
8 1394 3
5 1394 4
5 1395 4
7 1395 3
5 1396 4
8 1397 3
7 1397 3
5 1398 4
7 1398 3
8 1399 3
7 1399 3
8 1400 3
5 1400 4
5 1401 4
7 1401 3
8 1402 3
7 1402 3
8 1403 3
5 1403 4
5 1404 4
7 1404 3
8 1405 3
7 1405 3
5 1406 4
7 1406 3
8 1407 3
7 1407 3
8 1408 3
5 1408 4
8 1409 3
8 1410 3
7 1410 3
8 1411 3
5 1411 4
8 1412 3
7 1412 3
5 1413 4
7 1413 3
8 1414 3
5 1414 4
8 1415 3
7 1415 3
5 1416 4
7 1416 3
8 1417 3
5 1417 4
8 1418 3
7 1418 3
8 1419 3
5 1419 4
8 1420 3
7 1420 3
5 1421 4
7 1421 3
7 1422 3
8 1423 3
7 1423 3
8 1424 3
5 1424 4
5 1425 4
7 1425 3
8 1426 3
7 1426 3
8 1427 3
5 1427 4
5 1428 4
7 1428 3
8 1429 3
7 1429 3
8 1430 3
5 1430 4
5 1431 4
7 1431 3
8 1432 3
7 1432 3
5 1433 4
7 1433 3
8 1434 3
7 1434 3
8 1435 3
5 1435 4
8 1436 3
8 1437 3
7 1437 3
5 1438 4
7 1438 3
8 1439 3
5 1439 4
8 1440 3
7 1440 3
5 1441 4
7 1441 3
8 1442 3
5 1442 4
8 1443 3
7 1443 3
8 1444 3
5 1444 4
8 1445 3
7 1445 3
8 1446 3
5 1446 4
8 1447 3
5 1448 4
7 1448 3
8 1449 3
7 1449 3
5 1450 4
7 1450 3
8 1451 3
7 1451 3
5 1452 4
7 1452 3
8 1453 3
5 1453 4
5 1454 4
7 1454 3
8 1455 3
5 1455 4
5 1456 4
7 1456 3
8 1457 3
7 1457 3
5 1458 4
7 1458 3
8 1459 3
7 1459 3
5 1460 4
7 1460 3
8 1461 3
7 1461 3
8 1462 3
5 1462 4
5 1463 4
7 1463 3
8 1464 3
7 1464 3
8 1465 3
5 1465 3
5 1466 3
7 1466 2
8 1467 3
7 1467 2
5 1468 3
7 1468 2
8 1469 3
7 1469 3
8 1470 3
5 1470 3
8 1471 3
7 1471 3
8 1472 3
5 1472 3
5 1473 3
7 1473 3
8 1474 2
7 1474 3
5 1475 3
7 1475 3
8 1476 2
5 1476 3
5 1477 3
7 1477 3
8 1478 2
5 1478 3
8 1479 2
7 1479 3
5 1480 3
7 1480 3
8 1481 2
7 1481 3
8 1482 2
5 1482 3
5 1483 3
7 1483 3
5 1484 3
8 1485 2
5 1485 3
5 1486 3
7 1486 3
5 1487 3
8 1488 2
5 1488 3
8 1489 2
7 1489 3
5 1490 3
7 1490 3
8 1491 2
5 1491 3
8 1492 2
7 1492 3
5 1493 3
7 1493 3
8 1494 2
5 1494 3
8 1495 2
7 1495 3
5 1496 3
7 1496 3
8 1497 2
5 1497 3
5 1498 3
7 1498 3
8 1499 2
5 1499 3
8 1500 2
7 1500 3
8 1501 2
5 1502 3
7 1502 3
8 1503 3
5 1503 3
8 1504 3
7 1504 3
5 1505 3
7 1505 3
7 1506 3
8 1507 3
5 1507 3
8 1508 3
7 1508 3
5 1509 3
7 1509 3
8 1510 3
5 1510 3
8 1511 3
7 1511 3
5 1512 3
7 1512 3
8 1513 3
5 1513 3
5 1514 3
7 1514 3
8 1515 3
5 1515 3
8 1516 3
7 1516 3
8 1517 3
8 1518 3
5 1518 3
5 1519 3
7 1519 3
5 1520 3
8 1521 3
5 1521 3
8 1522 3
7 1522 3
5 1523 3
7 1523 3
8 1524 3
5 1524 3
5 1525 3
7 1525 3
8 1526 3
5 1526 3
8 1527 3
7 1527 3
5 1528 3
7 1528 3
8 1529 3
5 1529 3
8 1530 3
7 1530 3
5 1531 3
7 1531 3
8 1532 3
5 1532 3
5 1533 3
7 1533 3
8 1534 3
5 1534 3
8 1535 3
7 1535 3
8 1536 3
8 1537 3
5 1537 3
8 1538 3
7 1538 3
8 1539 3
5 1539 3
5 1540 3
7 1540 3
8 1541 3
7 1541 3
8 1542 3
5 1542 3
5 1543 3
7 1543 3
8 1544 3
7 1544 3
8 1545 3
5 1545 3
8 1546 3
7 1546 3
5 1547 3
7 1547 3
7 1548 3
8 1549 3
5 1549 3
8 1550 3
7 1550 3
5 1551 3
7 1551 3
8 1552 3
5 1552 3
8 1553 3
7 1553 3
5 1554 3
7 1554 3
8 1555 3
5 1555 3
5 1556 3
7 1556 3
8 1557 3
5 1557 3
8 1558 3
7 1558 3
8 1559 3
8 1560 3
5 1560 3
5 1561 3
7 1561 3
5 1562 3
8 1563 3
5 1563 3
8 1564 3
7 1564 3
5 1565 3
7 1565 3
7 1566 3
8 1567 3
5 1567 3
8 1568 3
7 1568 3
5 1569 3
7 1569 3
8 1570 3
5 1570 3
8 1571 3
7 1571 3
5 1572 3
7 1572 3
8 1573 3
5 1573 3
5 1574 3
7 1574 3
8 1575 3
5 1575 3
8 1576 3
7 1576 3
5 1577 3
7 1577 3
8 1578 3
5 1578 3
8 1579 3
7 1579 3
5 1580 3
7 1580 3
8 1581 3
5 1581 3
5 1582 3
7 1582 3
8 1583 3
5 1583 3
8 1584 3
7 1584 3
5 1585 3
7 1585 3
7 1586 3
8 1587 3
5 1587 3
8 1588 3
7 1588 3
8 1589 3
5 1590 3
7 1590 2
8 1591 3
5 1591 3
5 1592 3
8 1593 3
7 1593 2
5 1594 3
7 1594 2
8 1595 3
5 1595 3
8 1596 3
7 1596 2
5 1597 3
7 1597 2
8 1598 3
5 1598 3
8 1599 3
7 1599 2
8 1600 3
5 1600 3
8 1601 3
7 1601 2
8 1602 3
5 1602 3
8 1603 3
7 1603 2
5 1604 3
7 1604 2
8 1605 3
5 1605 3
8 1606 3
7 1606 2
5 1607 3
7 1607 2
8 1608 3
5 1608 3
8 1609 3
7 1609 2
8 1610 3
5 1610 3
8 1611 3
7 1611 2
8 1612 3
5 1612 3
8 1613 3
5 1614 2
7 1614 2
8 1615 3
7 1615 2
7 1616 2
5 1617 2
7 1617 3
8 1618 3
5 1618 2
8 1619 3
7 1619 3
5 1620 2
7 1620 3
8 1621 3
5 1621 2
8 1622 3
7 1622 3
8 1623 3
8 1624 3
5 1624 2
5 1625 2
7 1625 3
8 1626 3
7 1626 3
8 1627 3
5 1627 2
5 1628 2
7 1628 3
8 1629 3
7 1629 3
7 1630 3
8 1631 3
5 1631 2
5 1632 2
7 1632 3
5 1633 2
8 1634 3
7 1634 3
8 1635 3
5 1635 3
5 1636 3
7 1636 3
8 1637 3
7 1637 3
8 1638 3
5 1638 3
5 1639 3
7 1639 3
8 1640 3
7 1640 3
8 1641 3
5 1641 3
5 1642 3
7 1642 3
8 1643 2
7 1643 3
5 1644 3
7 1644 3
8 1645 2
5 1645 3
8 1646 2
7 1646 3
8 1647 2
5 1648 3
7 1648 3
8 1649 3
5 1649 3
8 1650 3
7 1650 3
5 1651 3
7 1651 3
8 1652 3
7 1652 3
8 1653 3
5 1654 3
7 1654 3
8 1655 3
5 1655 3
8 1656 3
7 1656 3
5 1657 3
7 1657 3
8 1658 3
5 1658 3
5 1659 3
7 1659 3
8 1660 3
5 1660 3
8 1661 3
7 1661 3
8 1662 3
8 1663 3
5 1663 3
5 1664 3
7 1664 3
8 1665 3
7 1665 3
5 1666 3
7 1666 3
8 1667 3
5 1667 3
8 1668 3
7 1668 3
5 1669 3
7 1669 3
8 1670 3
5 1670 3
8 1671 3
7 1671 3
5 1672 3
7 1672 3
7 1673 3
7 1674 3
7 1675 3
7 1676 3
8 1677 3
5 1677 3
8 1678 3
7 1678 4
5 1679 3
7 1679 4
8 1680 3
5 1680 3
8 1681 3
7 1681 4
5 1682 3
7 1682 4
8 1683 3
5 1683 3
5 1684 3
7 1684 4
8 1685 3
5 1685 3
8 1686 3
7 1686 4
8 1687 3
8 1688 3
5 1688 3
5 1689 3
7 1689 4
5 1690 3
8 1691 3
5 1691 3
8 1692 3
7 1692 4
5 1693 3
7 1693 4
8 1694 3
5 1694 3
8 1695 3
7 1695 4
5 1696 3
7 1696 4
8 1697 3
5 1697 3
5 1698 3
7 1698 4
8 1699 3
5 1699 3
8 1700 3
7 1700 4
5 1701 3
7 1701 4
8 1702 3
5 1702 3
5 1703 3
7 1703 4
8 1704 3
5 1704 3
5 1705 3
7 1705 4
8 1706 3
5 1706 3
8 1707 3
7 1707 4
8 1708 3
8 1709 3
5 1709 3
5 1710 3
7 1710 4
8 1711 3
7 1711 4
5 1712 3
7 1712 4
8 1713 3
5 1713 3
8 1714 3
7 1714 4
5 1715 3
7 1715 4
7 1716 4
8 1717 3
5 1717 3
5 1718 3
7 1718 4
8 1719 3
5 1719 3
8 1720 3
7 1720 4
5 1721 3
7 1721 4
8 1722 3
5 1722 3
8 1723 3
7 1723 4
5 1724 3
7 1724 4
8 1725 3
5 1725 3
5 1726 3
7 1726 4
8 1727 3
5 1727 3
8 1728 3
7 1728 4
8 1729 3
8 1730 3
5 1730 3
5 1731 3
7 1731 4
8 1732 3
7 1732 4
8 1733 3
5 1733 3
5 1734 3
7 1734 4
8 1735 3
7 1735 4
8 1736 3
5 1736 3
5 1737 3
7 1737 4
8 1738 3
7 1738 4
8 1739 3
5 1739 3
8 1740 3
7 1740 4
8 1741 3
5 1741 3
5 1742 3
7 1742 4
5 1743 3
8 1744 3
5 1744 3
8 1745 3
7 1745 4
5 1746 3
7 1746 4
8 1747 3
5 1747 3
8 1748 3
7 1748 4
5 1749 3
7 1749 4
8 1750 3
5 1750 3
5 1751 3
7 1751 4
8 1752 3
5 1752 3
5 1753 3
7 1753 4
8 1754 3
5 1754 3
8 1755 3
7 1755 4
5 1756 3
7 1756 4
8 1757 3
5 1757 3
8 1758 3
7 1758 4
5 1759 3
7 1759 4
8 1760 3
5 1760 3
5 1761 3
7 1761 4
8 1762 3
5 1762 3
8 1763 3
7 1763 4
8 1764 3
8 1765 3
5 1765 3
5 1766 3
7 1766 4
5 1767 3
8 1768 3
5 1768 3
8 1769 3
7 1769 4
5 1770 3
7 1770 4
8 1771 3
5 1771 3
8 1772 3
7 1772 4
5 1773 3
7 1773 4
8 1774 3
5 1774 3
5 1775 3
7 1775 4
5 1776 3
8 1777 2
5 1778 3
7 1778 4
8 1779 2
5 1779 3
8 1780 2
7 1780 4
5 1781 3
7 1781 4
8 1782 2
5 1782 3
8 1783 2
7 1783 4
5 1784 2
7 1784 4
8 1785 2
5 1785 2
8 1786 2
7 1786 4
8 1787 2
8 1788 2
5 1789 2
7 1789 4
8 1790 3
5 1790 2
5 1791 2
7 1791 4
8 1792 3
7 1792 4
8 1793 3
5 1793 3
5 1794 3
7 1794 4
8 1795 3
7 1795 4
8 1796 3
5 1796 3
5 1797 3
7 1797 4
8 1798 3
7 1798 4
5 1799 3
7 1799 4
8 1800 3
5 1800 3
5 1801 3
7 1801 4
8 1802 3
7 1802 4
8 1803 3
5 1803 3
5 1804 3
7 1804 4
8 1805 3
7 1805 4
8 1806 3
5 1806 3
5 1807 3
7 1807 4
8 1808 3
7 1808 4
5 1809 3
7 1809 4
8 1810 3
5 1810 3
8 1811 3
7 1811 4
8 1812 3
8 1813 3
5 1813 3
8 1814 3
7 1814 4
8 1815 3
5 1815 3
5 1816 3
7 1816 4
8 1817 3
7 1817 4
8 1818 3
5 1818 3
5 1819 3
7 1819 4
8 1820 3
7 1820 4
8 1821 3
5 1821 3
8 1822 3
7 1822 4
8 1823 3
5 1823 3
5 1824 3
7 1824 4
5 1825 3
8 1826 3
5 1826 3
8 1827 3
7 1827 4
5 1828 3
7 1828 4
8 1829 3
5 1829 3
8 1830 3
7 1830 4
5 1831 3
7 1831 4
8 1832 3
5 1832 3
8 1833 3
7 1833 4
5 1834 3
7 1834 4
8 1835 3
5 1835 3
5 1836 3
7 1836 4
8 1837 3
5 1837 3
8 1838 3
7 1838 4
8 1839 3
8 1840 3
5 1840 3
5 1841 3
7 1841 4
8 1842 3
7 1842 4
8 1843 3
5 1843 3
5 1844 3
7 1844 4
8 1845 3
7 1845 4
8 1846 3
5 1846 3
8 1847 3
7 1847 4
8 1848 3
5 1848 3
8 1849 3
7 1849 4
8 1850 3
5 1850 3
5 1851 3
7 1851 4
8 1852 3
7 1852 3
8 1853 3
5 1853 3
5 1854 3
7 1854 3
8 1855 3
7 1855 3
8 1856 3
5 1856 3
8 1857 3
7 1857 3
8 1858 3
5 1858 3
5 1859 3
7 1859 3
5 1860 3
8 1861 3
5 1861 3
8 1862 3
7 1862 3
8 1863 3
8 1864 3
8 1865 3
5 1865 3
5 1866 3
7 1866 3
8 1867 3
7 1867 3
8 1868 3
5 1868 3
5 1869 3
7 1869 3
8 1870 3
7 1870 3
8 1871 3
5 1871 3
5 1872 3
7 1872 3
8 1873 3
7 1873 3
8 1874 3
5 1874 3
5 1875 3
7 1875 3
8 1876 3
7 1876 3
5 1877 3
7 1877 3
8 1878 3
5 1878 3
5 1879 3
7 1879 3
5 1880 3
8 1881 3
5 1881 3
8 1882 3
7 1882 3
8 1883 3
8 1884 3
5 1884 3
5 1885 3
7 1885 3
8 1886 3
7 1886 3
8 1887 3
5 1887 3
5 1888 3
7 1888 3
8 1889 3
7 1889 3
8 1890 3
5 1890 3
8 1891 3
7 1891 3
8 1892 3
5 1892 3
8 1893 3
7 1893 3
8 1894 3
5 1894 3
5 1895 3
7 1895 3
8 1896 3
7 1896 3
8 1897 3
5 1897 3
8 1898 3
7 1898 3
8 1899 3
5 1899 3
5 1900 3
7 1900 3
8 1901 3
7 1901 3
8 1902 3
5 1902 3
5 1903 3
7 1903 3
8 1904 3
7 1904 3
8 1905 3
5 1905 3
8 1906 3
7 1906 3
8 1907 3
5 1907 3
5 1908 3
7 1908 3
5 1909 3
8 1910 3
5 1910 3
8 1911 3
7 1911 3
8 1912 3
8 1913 3
5 1913 3
5 1914 3
7 1914 3
8 1915 3
7 1915 3
8 1916 3
5 1916 3
5 1917 3
7 1917 3
8 1918 3
7 1918 3
8 1919 3
5 1919 3
8 1920 3
7 1920 3
8 1921 3
5 1921 3
8 1922 3
7 1922 3
8 1923 3
8 1924 3
5 1924 3
5 1925 3
7 1925 3
8 1926 3
7 1926 3
8 1927 3
5 1927 2
5 1928 2
7 1928 3
8 1929 3
7 1929 3
7 1930 3
8 1931 3
5 1931 2
8 1932 3
7 1932 3
8 1933 3
5 1933 2
8 1934 3
7 1934 3
8 1935 3
5 1935 2
5 1936 2
7 1936 3
8 1937 3
7 1937 3
8 1938 3
5 1938 2
5 1939 2
7 1939 3
8 1940 3
7 1940 3
8 1941 3
5 1941 2
8 1942 3
7 1942 3
8 1943 3
8 1944 3
5 1944 2
8 1945 3
7 1945 3
8 1946 3
5 1946 2
5 1947 2
7 1947 3
8 1948 3
7 1948 3
8 1949 3
5 1949 2
5 1950 2
7 1950 3
8 1951 3
7 1951 3
8 1952 3
5 1952 2
5 1953 2
7 1953 3
8 1954 3
7 1954 3
8 1955 3
5 1955 2
8 1956 3
7 1956 3
8 1957 3
5 1957 2
8 1958 3
7 1958 3
8 1959 3
5 1959 2
5 1960 2
7 1960 3
8 1961 3
7 1961 3
8 1962 3
5 1962 2
5 1963 2
7 1963 3
8 1964 3
7 1964 3
7 1965 3
8 1966 2
5 1966 2
8 1967 2
7 1967 3
8 1968 3
5 1968 2
5 1969 2
7 1969 2
8 1970 3
5 1970 2
5 1971 3
7 1971 2
8 1972 3
7 1972 2
8 1973 3
5 1973 3
5 1974 3
7 1974 2
8 1975 3
7 1975 2
8 1976 3
5 1976 3
5 1977 3
7 1977 2
8 1978 3
5 1978 3
8 1979 3
7 1979 2
8 1980 3
5 1980 3
8 1981 3
7 1981 2
5 1982 3
7 1982 2
8 1983 3
5 1983 3
8 1984 3
7 1984 2
5 1985 3
7 1985 2
8 1986 3
5 1986 3
8 1987 3
7 1987 2
8 1988 3
5 1988 3
8 1989 3
7 1989 2
5 1990 3
7 1990 2
7 1991 2
8 1992 3
7 1992 3
8 1993 3
5 1993 3
8 1994 3
7 1994 3
8 1995 3
5 1995 3
5 1996 3
7 1996 3
8 1997 3
7 1997 3
8 1998 3
5 1998 3
5 1999 3
7 1999 3
8 2000 3
7 2000 3
8 2001 3
5 2001 3
8 2002 3
7 2002 3
8 2003 3
5 2003 3
5 2004 3
7 2004 3
8 2005 3
7 2005 3
8 2006 3
5 2006 3
8 2007 3
7 2007 3
8 2008 3
5 2008 3
5 2009 3
7 2009 3
5 2010 3
8 2011 3
5 2011 3
8 2012 3
7 2012 3
5 2013 3
7 2013 3
8 2014 3
5 2014 3
8 2015 3
7 2015 3
5 2016 3
7 2016 3
8 2017 3
5 2017 3
8 2018 3
7 2018 3
5 2019 3
7 2019 3
8 2020 3
5 2020 3
5 2021 3
7 2021 3
8 2022 3
5 2022 3
8 2023 3
7 2023 3
8 2024 3
8 2025 3
8 2026 3
5 2026 3
8 2027 3
7 2027 3
8 2028 3
5 2028 3
5 2029 3
7 2029 3
8 2030 3
7 2030 3
8 2031 3
5 2031 3
5 2032 3
7 2032 3
8 2033 3
7 2033 3
8 2034 3
5 2034 3
5 2035 3
7 2035 3
8 2036 3
7 2036 3
8 2037 3
5 2037 3
8 2038 3
7 2038 3
8 2039 3
5 2039 3
5 2040 3
7 2040 3
5 2041 3
8 2042 3
5 2042 3
5 2043 3
7 2043 3
5 2044 3
8 2045 3
7 2045 3
8 2046 3
5 2046 3
5 2047 3
7 2047 3
8 2048 3
7 2048 3
5 2049 3
7 2049 3
8 2050 3
5 2050 3
5 2051 3
7 2051 3
5 2052 3
8 2053 3
5 2053 3
8 2054 3
7 2054 3
8 2055 3
8 2056 3
5 2056 3
5 2057 3
7 2057 3
8 2058 3
7 2058 3
8 2059 3
5 2059 3
5 2060 3
7 2060 3
5 2061 3
8 2062 3
5 2062 3
5 2063 3
7 2063 3
8 2064 3
5 2064 3
8 2065 3
7 2065 3
5 2066 3
7 2066 3
8 2067 3
5 2067 3
5 2068 3
7 2068 3
8 2069 3
5 2069 3
8 2070 3
7 2070 3
5 2071 3
7 2071 3
8 2072 3
5 2072 3
8 2073 3
7 2073 3
5 2074 3
7 2074 3
8 2075 3
5 2075 3
5 2076 3
7 2076 3
8 2077 3
5 2077 3
8 2078 3
7 2078 3
8 2079 3
8 2080 3
5 2080 3
5 2081 3
7 2081 3
5 2082 3
8 2083 3
5 2083 3
8 2084 3
7 2084 3
5 2085 3
7 2085 3
8 2086 3
5 2086 3
8 2087 3
7 2087 3
5 2088 3
7 2088 3
8 2089 3
5 2089 3
8 2090 3
7 2090 3
5 2091 3
7 2091 3
8 2092 3
5 2092 3
8 2093 3
7 2093 3
5 2094 3
7 2094 3
8 2095 3
5 2095 3
5 2096 3
7 2096 3
8 2097 3
5 2097 3
5 2098 3
7 2098 3
8 2099 3
7 2099 3
8 2100 3
5 2100 3
8 2101 3
7 2101 3
8 2102 3
5 2102 3
5 2103 3
7 2103 3
8 2104 3
7 2104 2
8 2105 3
5 2105 3
8 2106 3
7 2106 2
5 2107 3
7 2107 2
8 2108 3
5 2108 3
5 2109 3
8 2110 3
7 2110 2
8 2111 3
5 2111 3
8 2112 3
7 2112 2
5 2113 3
7 2113 2
8 2114 3
5 2114 3
8 2115 3
7 2115 2
5 2116 3
7 2116 2
8 2117 2
5 2117 3
8 2118 2
7 2118 2
8 2119 2
5 2119 3
5 2120 3
7 2120 2
8 2121 3
7 2121 2
5 2122 3
7 2122 2
8 2123 3
7 2123 3
8 2124 3
5 2124 2
5 2125 2
7 2125 3
8 2126 3
7 2126 3
8 2127 3
5 2127 2
5 2128 2
7 2128 3
8 2129 3
7 2129 3
8 2130 3
5 2130 2
5 2131 2
7 2131 3
8 2132 3
7 2132 3
7 2133 3
8 2134 3
5 2134 2
5 2135 2
7 2135 3
5 2136 2
8 2137 3
7 2137 3
8 2138 3
5 2138 3
5 2139 3
7 2139 3
8 2140 3
7 2140 3
8 2141 3
5 2141 3
5 2142 3
7 2142 3
8 2143 3
7 2143 3
5 2144 3
7 2144 3
8 2145 3
5 2145 3
5 2146 3
7 2146 3
8 2147 3
5 2147 3
8 2148 3
7 2148 3
5 2149 3
7 2149 3
7 2150 3
8 2151 3
5 2151 3
8 2152 3
7 2152 3
5 2153 3
7 2153 3
8 2154 3
5 2154 3
8 2155 3
7 2155 3
8 2156 3
8 2157 3
5 2157 3
8 2158 3
7 2158 3
8 2159 3
5 2159 3
5 2160 3
7 2160 3
8 2161 3
7 2161 3
8 2162 3
5 2162 3
5 2163 3
7 2163 3
8 2164 3
7 2164 3
8 2165 3
5 2165 3
8 2166 3
7 2166 3
8 2167 3
5 2167 3
5 2168 3
7 2168 3
5 2169 3
8 2170 3
5 2170 3
8 2171 3
7 2171 3
8 2172 3
8 2173 3
5 2173 3
5 2174 3
7 2174 3
8 2175 3
7 2175 3
8 2176 3
5 2176 3
5 2177 3
7 2177 3
8 2178 3
7 2178 3
8 2179 3
5 2179 3
8 2180 3
7 2180 3
8 2181 3
5 2181 3
8 2182 3
7 2182 3
8 2183 3
5 2183 3
5 2184 3
7 2184 3
8 2185 3
7 2185 3
8 2186 3
5 2186 3
5 2187 3
7 2187 3
8 2188 3
7 2188 3
8 2189 3
5 2189 3
8 2190 3
7 2190 3
8 2191 3
5 2191 3
8 2192 3
7 2192 3
8 2193 3
5 2193 3
5 2194 3
7 2194 3
8 2195 3
7 2195 3
8 2196 3
5 2196 3
5 2197 3
7 2197 3
8 2198 3
7 2198 3
8 2199 3
5 2199 3
8 2200 3
7 2200 3
8 2201 3
5 2201 3
5 2202 3
7 2202 3
5 2203 3
8 2204 3
5 2204 3
8 2205 3
7 2205 3
8 2206 3
8 2207 3
5 2207 3
5 2208 3
7 2208 3
8 2209 3
7 2209 3
8 2210 3
5 2210 3
8 2211 3
7 2211 3
8 2212 3
5 2212 3
5 2213 3
7 2213 3
8 2214 3
7 2214 3
8 2215 3
5 2215 3
5 2216 3
7 2216 3
8 2217 3
7 2217 3
8 2218 3
5 2218 3
8 2219 3
7 2219 3
8 2220 3
5 2220 3
8 2221 3
7 2221 3
8 2222 3
8 2223 3
5 2223 3
5 2224 3
7 2224 3
5 2225 3
8 2226 3
5 2226 3
8 2227 3
7 2227 3
5 2228 3
7 2228 3
8 2229 3
7 2229 3
5 2230 3
7 2230 3
8 2231 3
5 2231 3
5 2232 3
7 2232 3
5 2233 3
8 2234 3
5 2234 3
5 2235 3
7 2235 3
8 2236 3
5 2236 3
8 2237 3
7 2237 3
5 2238 3
7 2238 3
8 2239 3
5 2239 3
8 2240 3
7 2240 2
5 2241 3
7 2241 2
8 2242 3
5 2242 3
8 2243 3
7 2243 2
5 2244 3
7 2244 2
7 2245 2
8 2246 3
7 2246 3
8 2247 3
5 2247 3
8 2248 3
7 2248 3
8 2249 3
5 2249 3
5 2250 3
7 2250 3
8 2251 3
7 2251 3
8 2252 3
5 2252 3
5 2253 3
7 2253 3
8 2254 3
7 2254 3
8 2255 3
5 2255 3
8 2256 3
7 2256 3
8 2257 3
5 2257 3
8 2258 3
7 2258 3
8 2259 3
5 2259 3
5 2260 3
7 2260 3
8 2261 3
5 2261 3
5 2262 3
7 2262 3
8 2263 3
7 2263 3
8 2264 3
5 2264 3
5 2265 3
7 2265 3
8 2266 3
7 2266 3
8 2267 3
5 2267 3
8 2268 3
7 2268 3
8 2269 3
5 2269 3
5 2270 3
7 2270 3
5 2271 3
8 2272 3
5 2272 3
8 2273 3
7 2273 3
5 2274 2
7 2274 3
8 2275 3
5 2275 2
8 2276 3
7 2276 3
5 2277 2
7 2277 3
8 2278 2
5 2278 2
5 2279 2
7 2279 3
8 2280 2
7 2280 3
5 2281 3
7 2281 3
8 2282 2
5 2282 3
8 2283 2
7 2283 3
5 2284 3
7 2284 3
8 2285 2
5 2285 3
8 2286 2
7 2286 3
5 2287 3
7 2287 3
8 2288 2
5 2288 3
8 2289 2
7 2289 3
5 2290 3
7 2290 3
7 2291 3
8 2292 2
5 2292 3
8 2293 2
7 2293 3
5 2294 3
7 2294 3
8 2295 2
5 2295 3
5 2296 3
7 2296 3
8 2297 2
5 2297 3
8 2298 2
7 2298 3
8 2299 2
5 2300 3
7 2300 3
7 2301 3
8 2302 3
5 2302 3
8 2303 3
7 2303 3
5 2304 3
7 2304 3
8 2305 3
5 2305 3
8 2306 3
7 2306 3
5 2307 3
7 2307 3
8 2308 3
5 2308 3
5 2309 3
7 2309 3
8 2310 3
5 2310 3
8 2311 3
7 2311 3
8 2312 3
8 2313 3
5 2313 3
5 2314 3
7 2314 3
5 2315 3
8 2316 3
5 2316 3
8 2317 3
7 2317 3
5 2318 3
7 2318 3
8 2319 3
5 2319 3
8 2320 3
7 2320 3
5 2321 3
7 2321 3
8 2322 3
5 2322 3
5 2323 3
7 2323 3
8 2324 3
5 2324 3
5 2325 3
7 2325 3
8 2326 3
5 2326 3
8 2327 3
7 2327 3
5 2328 3
7 2328 3
8 2329 3
5 2329 3
8 2330 3
7 2330 3
5 2331 3
7 2331 3
8 2332 3
5 2332 3
8 2333 3
7 2333 3
5 2334 3
7 2334 3
7 2335 3
7 2336 3
8 2337 3
5 2337 3
8 2338 3
7 2338 3
8 2339 3
8 2340 3
5 2340 3
5 2341 3
7 2341 3
8 2342 3
7 2342 3
8 2343 3
5 2343 3
5 2344 3
7 2344 3
8 2345 3
7 2345 3
5 2346 3
7 2346 3
7 2347 3
8 2348 3
5 2348 3
5 2349 3
7 2349 3
8 2350 3
5 2350 3
8 2351 3
7 2351 3
5 2352 3
7 2352 3
8 2353 3
5 2353 3
8 2354 3
7 2354 3
5 2355 3
7 2355 3
7 2356 3
8 2357 3
5 2357 3
5 2358 3
7 2358 3
5 2359 3
8 2360 3
5 2360 3
8 2361 3
7 2361 3
8 2362 3
8 2363 3
5 2363 3
5 2364 3
7 2364 3
8 2365 3
7 2365 3
5 2366 3
7 2366 3
8 2367 3
5 2367 3
8 2368 3
7 2368 3
5 2369 3
7 2369 3
7 2370 3
8 2371 3
5 2371 3
5 2372 3
7 2372 3
8 2373 3
5 2373 3
8 2374 3
7 2374 2
5 2375 3
7 2375 2
8 2376 3
7 2376 2
5 2377 3
7 2377 2
8 2378 3
7 2378 3
8 2379 3
5 2379 3
5 2380 3
7 2380 3
8 2381 3
7 2381 3
8 2382 3
5 2382 3
5 2383 3
7 2383 3
8 2384 3
7 2384 3
5 2385 3
7 2385 3
8 2386 3
5 2386 3
8 2387 3
7 2387 3
8 2388 3
8 2389 3
5 2389 3
5 2390 3
7 2390 3
5 2391 3
8 2392 3
5 2392 3
8 2393 3
7 2393 3
5 2394 3
7 2394 3
8 2395 3
5 2395 3
8 2396 3
7 2396 3
5 2397 3
7 2397 3
8 2398 3
5 2398 3
5 2399 3
7 2399 3
8 2400 3
5 2400 3
5 2401 3
7 2401 3
8 2402 3
5 2402 3
8 2403 3
7 2403 3
5 2404 3
7 2404 3
8 2405 3
5 2405 3
8 2406 3
7 2406 3
5 2407 3
7 2407 3
8 2408 3
5 2408 3
5 2409 3
7 2409 3
8 2410 3
5 2410 3
8 2411 3
7 2411 3
8 2412 3
8 2413 3
8 2414 3
5 2414 3
5 2415 3
7 2415 3
5 2416 3
8 2417 3
5 2417 3
8 2418 3
7 2418 3
5 2419 3
7 2419 3
8 2420 3
5 2420 3
8 2421 3
7 2421 3
5 2422 3
7 2422 3
7 2423 3
8 2424 2
5 2424 2
8 2425 2
7 2425 3
5 2426 2
7 2426 3
8 2427 2
5 2427 2
5 2428 2
7 2428 3
8 2429 2
7 2429 3
8 2430 2
5 2430 3
8 2431 2
7 2431 3
5 2432 3
7 2432 3
8 2433 3
5 2433 3
8 2434 3
7 2434 3
5 2435 3
7 2435 3
8 2436 3
5 2436 3
8 2437 3
7 2437 3
5 2438 3
7 2438 3
8 2439 3
7 2439 3
8 2440 3
5 2440 3
5 2441 3
7 2441 3
5 2442 3
5 2443 3
5 2444 3
8 2445 3
5 2445 4
8 2446 3
7 2446 3
5 2447 4
7 2447 3
8 2448 3
5 2448 4
8 2449 3
7 2449 3
5 2450 4
7 2450 3
8 2451 3
5 2451 4
5 2452 4
7 2452 3
8 2453 3
7 2453 3
8 2454 3
5 2454 4
8 2455 3
8 2456 3
7 2456 3
5 2457 4
7 2457 3
8 2458 3
8 2459 3
8 2460 3
7 2460 3
5 2461 4
7 2461 3
8 2462 3
5 2462 4
8 2463 3
7 2463 3
8 2464 3
5 2464 4
8 2465 3
7 2465 3
5 2466 4
7 2466 3
7 2467 3
8 2468 3
7 2468 3
8 2469 3
5 2469 4
5 2470 4
7 2470 3
8 2471 3
7 2471 3
8 2472 3
5 2472 4
5 2473 4
7 2473 3
8 2474 3
7 2474 3
8 2475 3
5 2475 4
5 2476 4
7 2476 3
8 2477 3
7 2477 3
5 2478 4
7 2478 3
8 2479 3
7 2479 3
5 2480 4
7 2480 3
7 2481 3
8 2482 3
7 2482 3
8 2483 3
5 2483 4
5 2484 4
7 2484 3
8 2485 3
7 2485 3
8 2486 3
5 2486 4
5 2487 4
7 2487 3
8 2488 3
7 2488 3
5 2489 4
7 2489 3
8 2490 3
7 2490 3
8 2491 3
5 2491 4
5 2492 4
7 2492 3
8 2493 3
7 2493 3
8 2494 3
5 2494 4
5 2495 4
7 2495 3
8 2496 3
7 2496 3
5 2497 4
7 2497 3
8 2498 3
7 2498 3
5 2499 4
7 2499 3
8 2500 3
7 2500 3
8 2501 3
5 2501 4
5 2502 4
7 2502 3
8 2503 3
7 2503 3
8 2504 3
5 2504 4
5 2505 4
7 2505 3
8 2506 3
7 2506 3
5 2507 4
7 2507 3
8 2508 3
7 2508 3
5 2509 4
7 2509 3
8 2510 3
7 2510 3
8 2511 3
5 2511 4
8 2512 3
8 2513 3
7 2513 3
5 2514 4
7 2514 3
8 2515 3
5 2515 4
5 2516 4
7 2516 3
8 2517 3
7 2517 2
5 2518 4
7 2518 2
7 2519 2
7 2520 2
8 2521 3
5 2521 4
5 2522 4
7 2522 3
8 2523 3
7 2523 3
8 2524 3
5 2524 4
5 2525 4
7 2525 3
8 2526 3
7 2526 3
5 2527 4
7 2527 3
8 2528 3
7 2528 3
8 2529 3
5 2529 4
5 2530 4
7 2530 3
8 2531 3
7 2531 3
8 2532 3
5 2532 4
5 2533 4
7 2533 3
8 2534 3
7 2534 3
5 2535 4
7 2535 3
8 2536 3
7 2536 3
8 2537 3
5 2537 4
8 2538 3
5 2539 4
7 2539 3
5 2540 4
8 2541 3
7 2541 3
8 2542 3
5 2542 4
5 2543 4
7 2543 3
5 2544 4
8 2545 3
7 2545 3
8 2546 3
5 2546 4
5 2547 4
7 2547 3
8 2548 3
7 2548 3
8 2549 3
5 2549 4
5 2550 4
7 2550 3
8 2551 3
7 2551 3
8 2552 3
5 2552 4
5 2553 4
7 2553 3
8 2554 3
7 2554 3
5 2555 4
7 2555 3
8 2556 2
7 2556 3
8 2557 2
5 2557 4
8 2558 2
5 2559 4
7 2559 3
8 2560 3
7 2560 3
8 2561 3
5 2561 4
5 2562 4
7 2562 3
8 2563 3
7 2563 3
8 2564 3
5 2564 4
5 2565 4
7 2565 3
5 2566 4
8 2567 3
7 2567 3
5 2568 4
7 2568 3
8 2569 3
7 2569 3
8 2570 3
5 2570 4
8 2571 3
8 2572 3
7 2572 3
5 2573 4
7 2573 3
8 2574 3
5 2574 4
5 2575 4
7 2575 3
8 2576 3
7 2576 3
8 2577 3
5 2577 4
5 2578 4
7 2578 3
5 2579 4
8 2580 3
7 2580 3
5 2581 4
7 2581 3
8 2582 3
7 2582 3
5 2583 4
7 2583 3
8 2584 3
5 2584 4
8 2585 3
7 2585 3
5 2586 4
7 2586 3
8 2587 3
5 2587 4
8 2588 3
7 2588 3
8 2589 3
5 2589 4
8 2590 3
7 2590 3
5 2591 4
7 2591 3
7 2592 3
8 2593 3
7 2593 3
8 2594 3
5 2594 4
5 2595 4
7 2595 3
5 2596 4
8 2597 3
7 2597 3
8 2598 3
5 2598 4
5 2599 4
7 2599 3
8 2600 3
5 2600 4
8 2601 3
7 2601 3
5 2602 4
7 2602 3
7 2603 3
8 2604 3
7 2604 3
5 2605 4
7 2605 3
8 2606 3
7 2606 3
8 2607 3
5 2607 4
5 2608 4
7 2608 3
8 2609 3
7 2609 3
8 2610 3
5 2610 4
5 2611 4
7 2611 3
8 2612 3
7 2612 3
5 2613 4
7 2613 3
8 2614 3
7 2614 3
8 2615 3
5 2615 4
8 2616 3
8 2617 3
7 2617 3
5 2618 4
7 2618 3
7 2619 3
8 2620 3
7 2620 3
8 2621 3
5 2621 4
5 2622 4
7 2622 3
8 2623 3
7 2623 3
8 2624 3
5 2624 3
5 2625 3
7 2625 3
8 2626 3
5 2626 3
5 2627 3
7 2627 3
8 2628 3
5 2628 3
5 2629 3
7 2629 3
8 2630 3
5 2630 3
8 2631 3
7 2631 3
5 2632 3
7 2632 3
8 2633 3
5 2633 3
8 2634 3
7 2634 3
5 2635 3
7 2635 3
8 2636 3
5 2636 3
8 2637 3
7 2637 3
5 2638 3
7 2638 3
8 2639 3
5 2639 3
5 2640 3
7 2640 3
8 2641 3
5 2641 3
8 2642 3
7 2642 3
8 2643 3
8 2644 3
5 2644 3
5 2645 3
7 2645 3
8 2646 3
7 2646 3
8 2647 3
5 2647 3
5 2648 3
7 2648 3
8 2649 3
7 2649 3
8 2650 3
5 2650 3
8 2651 3
7 2651 3
8 2652 3
8 2653 3
8 2654 4
5 2654 3
5 2655 3
7 2655 3
8 2656 4
7 2656 3
8 2657 4
5 2657 3
5 2658 3
7 2658 2
8 2659 4
7 2659 2
8 2660 4
5 2660 3
8 2661 4
5 2662 3
7 2662 2
8 2663 4
7 2663 2
7 2664 2
5 2665 3
7 2665 3
8 2666 4
7 2666 3
5 2667 3
7 2667 3
8 2668 4
5 2668 3
8 2669 4
7 2669 3
5 2670 3
7 2670 3
8 2671 4
5 2671 3
8 2672 4
7 2672 3
5 2673 3
7 2673 3
8 2674 4
7 2674 3
5 2675 3
7 2675 3
8 2676 4
7 2676 3
5 2677 3
7 2677 3
8 2678 4
5 2678 3
8 2679 4
7 2679 3
5 2680 3
7 2680 3
8 2681 4
5 2681 3
5 2682 3
7 2682 3
8 2683 4
5 2683 3
8 2684 4
7 2684 3
8 2685 4
5 2686 3
7 2686 3
8 2687 4
5 2687 3
8 2688 4
7 2688 3
8 2689 4
5 2690 3
7 2690 3
8 2691 4
5 2691 3
8 2692 4
7 2692 3
8 2693 4
5 2694 3
7 2694 3
8 2695 4
7 2695 3
5 2696 3
7 2696 3
8 2697 4
5 2697 3
8 2698 4
7 2698 3
5 2699 3
7 2699 3
8 2700 4
5 2700 3
8 2701 4
7 2701 3
5 2702 3
7 2702 3
8 2703 4
7 2703 3
5 2704 3
7 2704 3
8 2705 4
5 2705 3
5 2706 3
5 2707 3
7 2707 3
8 2708 4
7 2708 3
8 2709 4
5 2709 3
5 2710 3
7 2710 3
8 2711 4
7 2711 3
8 2712 4
5 2712 3
5 2713 3
7 2713 3
8 2714 4
7 2714 3
8 2715 4
5 2715 3
5 2716 3
7 2716 3
8 2717 4
5 2717 3
5 2718 3
7 2718 3
8 2719 4
7 2719 3
7 2720 3
5 2721 3
7 2721 3
8 2722 4
5 2722 3
8 2723 4
7 2723 3
5 2724 3
7 2724 3
8 2725 4
5 2725 3
8 2726 4
7 2726 3
5 2727 3
7 2727 3
8 2728 4
7 2728 3
7 2729 3
7 2730 3
5 2731 3
7 2731 4
8 2732 4
5 2732 3
8 2733 4
7 2733 4
8 2734 4
8 2735 4
5 2735 3
5 2736 3
7 2736 4
8 2737 4
7 2737 4
7 2738 4
8 2739 4
5 2739 3
5 2740 3
7 2740 4
5 2741 3
8 2742 4
5 2742 3
5 2743 3
7 2743 4
8 2744 4
5 2744 3
8 2745 4
7 2745 4
5 2746 3
7 2746 4
8 2747 4
5 2747 3
8 2748 4
7 2748 4
5 2749 3
7 2749 4
8 2750 4
5 2750 3
5 2751 3
7 2751 4
8 2752 4
5 2752 3
8 2753 4
7 2753 4
8 2754 4
8 2755 4
5 2755 3
5 2756 3
7 2756 4
8 2757 4
7 2757 4
8 2758 4
5 2758 2
5 2759 2
7 2759 4
8 2760 4
7 2760 4
8 2761 4
5 2761 2
5 2762 2
7 2762 4
8 2763 4
7 2763 4
8 2764 4
5 2764 2
8 2765 4
7 2765 4
8 2766 4
5 2766 2
5 2767 2
7 2767 4
5 2768 2
5 2769 2
8 2770 4
7 2770 4
8 2771 4
5 2771 3
5 2772 3
7 2772 4
8 2773 4
7 2773 4
8 2774 4
5 2774 3
5 2775 3
7 2775 4
5 2776 3
8 2777 4
5 2777 3
5 2778 3
7 2778 4
8 2779 4
5 2779 3
8 2780 4
7 2780 4
8 2781 4
8 2782 4
5 2782 3
5 2783 3
7 2783 4
8 2784 4
7 2784 4
8 2785 4
5 2785 3
5 2786 3
7 2786 4
8 2787 4
7 2787 4
8 2788 4
5 2788 3
8 2789 4
7 2789 4
8 2790 4
5 2790 3
5 2791 3
7 2791 4
8 2792 4
7 2792 4
8 2793 4
5 2793 3
8 2794 4
7 2794 4
8 2795 4
5 2795 3
8 2796 4
7 2796 4
8 2797 4
5 2797 3
5 2798 3
7 2798 4
8 2799 4
7 2799 4
7 2800 4
8 2801 4
5 2801 3
5 2802 3
7 2802 4
8 2803 4
7 2803 4
7 2804 4
8 2805 4
5 2805 3
5 2806 3
7 2806 4
8 2807 4
7 2807 4
7 2808 4
8 2809 4
5 2809 3
8 2810 4
7 2810 4
8 2811 4
5 2811 3
5 2812 3
7 2812 4
8 2813 4
7 2813 4
8 2814 4
5 2814 3
5 2815 3
7 2815 4
8 2816 4
7 2816 4
8 2817 4
5 2817 3
8 2818 4
7 2818 4
8 2819 4
5 2819 3
5 2820 3
7 2820 4
5 2821 3
8 2822 4
5 2822 3
8 2823 4
7 2823 4
8 2824 4
8 2825 4
5 2825 3
5 2826 3
7 2826 4
8 2827 4
7 2827 4
8 2828 4
5 2828 3
5 2829 3
7 2829 4
8 2830 4
7 2830 4
5 2831 3
7 2831 4
8 2832 4
7 2832 4
8 2833 4
5 2833 3
5 2834 3
7 2834 4
8 2835 4
7 2835 4
7 2836 4
8 2837 4
5 2837 3
8 2838 4
7 2838 4
8 2839 4
5 2839 3
5 2840 3
7 2840 4
8 2841 4
7 2841 4
7 2842 4
8 2843 4
5 2843 3
5 2844 3
7 2844 4
5 2845 3
8 2846 4
5 2846 3
8 2847 4
7 2847 4
5 2848 3
7 2848 4
8 2849 4
7 2849 4
8 2850 4
5 2850 3
5 2851 3
7 2851 4
5 2852 3
8 2853 3
5 2853 3
5 2854 3
7 2854 4
8 2855 3
5 2855 3
8 2856 3
7 2856 4
5 2857 3
7 2857 4
7 2858 4
8 2859 3
5 2859 3
8 2860 3
7 2860 4
5 2861 3
7 2861 4
8 2862 3
5 2862 3
8 2863 3
7 2863 4
5 2864 3
7 2864 4
7 2865 4
7 2866 4
8 2867 3
5 2867 3
5 2868 3
7 2868 4
8 2869 3
5 2869 3
8 2870 3
7 2870 4
8 2871 3
8 2872 3
5 2872 3
5 2873 3
7 2873 4
8 2874 3
7 2874 4
8 2875 3
5 2875 3
5 2876 3
7 2876 4
8 2877 3
7 2877 4
8 2878 3
5 2878 3
8 2879 3
7 2879 4
8 2880 3
5 2880 3
8 2881 3
7 2881 4
8 2882 3
5 2882 3
5 2883 3
7 2883 4
8 2884 3
7 2884 4
8 2885 3
5 2885 3
5 2886 3
7 2886 4
8 2887 3
7 2887 4
8 2888 3
5 2888 3
8 2889 3
7 2889 4
8 2890 3
5 2890 3
5 2891 3
7 2891 4
5 2892 3
8 2893 3
5 2893 3
5 2894 3
7 2894 4
8 2895 3
5 2895 3
8 2896 3
7 2896 4
5 2897 3
7 2897 4
8 2898 3
5 2898 3
8 2899 3
7 2899 4
5 2900 3
7 2900 4
8 2901 3
5 2901 3
5 2902 3
7 2902 4
5 2903 3
8 2904 3
5 2904 3
5 2905 3
7 2905 4
8 2906 3
5 2906 3
8 2907 3
7 2907 4
5 2908 2
7 2908 4
8 2909 3
5 2909 2
8 2910 3
7 2910 4
5 2911 2
7 2911 3
8 2912 3
5 2912 2
8 2913 3
7 2913 3
8 2914 3
8 2915 3
5 2915 2
8 2916 3
7 2916 3
8 2917 3
5 2917 2
8 2918 3
7 2918 3
8 2919 3
5 2919 2
5 2920 2
7 2920 3
8 2921 3
7 2921 3
8 2922 3
5 2922 2
5 2923 2
7 2923 3
8 2924 3
7 2924 3
8 2925 3
5 2925 2
5 2926 2
7 2926 3
8 2927 3
7 2927 3
8 2928 3
5 2928 2
5 2929 2
7 2929 3
8 2930 3
7 2930 3
8 2931 3
5 2931 2
5 2932 2
7 2932 3
8 2933 3
7 2933 3
7 2934 3
8 2935 3
5 2935 2
5 2936 2
7 2936 3
5 2937 2
8 2938 3
7 2938 3
8 2939 3
5 2939 3
5 2940 3
7 2940 3
8 2941 3
7 2941 3
8 2942 3
5 2942 3
5 2943 3
7 2943 3